700965.614610
434417.392635
183077.105576
98869.038756
52120.746869
34595.574246
21204.796582
17852.075796
474544.354761
259185.302361
111179.537500
59113.813563
32576.997309
21018.754184
13487.482592
10932.165516
214450.263415
122832.836408
62060.839185
35843.699246
20767.654556
13739.180536
9202.201950
7627.816426
119481.456838
69830.610694
38979.967354
24357.250025
15106.433876
10430.876384
7170.567668
5909.142273
66058.495853
40244.696700
24067.197694
16248.378243
10612.359001
7602.681526
5329.149716
4461.545255
42976.321772
26506.092823
16551.895853
11815.579153
8030.393447
6103.463054
4383.622665
3628.524374
27102.453759
17534.894989
11254.704385
8318.183349
5901.943031
4580.869264
3376.060314
2835.340687
22516.224251
14315.458254
9391.745158
6954.232643
5027.109001
3876.954728
2905.074822
2531.379260
