3649154.004218
3083402.838364
1108455.483614
583829.491427
345208.670453
227007.665553
155923.045757
111338.822469
79799.281116
60920.804479
46781.492432
37384.079425
29493.143465
24735.718821
21280.400124
19873.417037
3246096.462231
1500761.133598
642948.189137
343323.501970
209174.222484
138134.564956
94130.916720
68260.538550
49949.571044
38312.751620
29828.507172
23503.742570
19030.923183
16087.780719
13958.765467
12994.957127
1291550.101255
705780.547240
365299.284484
218492.104034
139538.067039
94920.563618
66250.102947
48781.315318
36099.206323
27685.816476
21574.922990
17398.197976
14072.219865
11980.345327
10502.025131
9780.311979
683995.645273
398715.977398
234865.584584
152733.360882
103624.737673
73358.801102
52583.679717
39293.985453
29468.987606
22830.315460
17956.022475
14393.457590
11792.593272
10088.037750
8931.167692
8381.049639
418953.213506
248441.850438
156877.131071
109494.916413
77630.741115
57006.000086
42218.552605
32077.477924
24439.496259
19137.255879
15101.828695
12158.044667
10013.927602
8672.615307
7701.220002
7280.973805
278473.048072
168803.778849
111521.977663
81976.527338
59636.893950
45315.553920
34171.705803
26783.111727
20682.119008
16334.555313
13046.872361
10635.124721
8814.534231
7637.279697
6808.798583
6402.035421
189401.070996
119149.633056
80746.065054
61655.337327
46392.890964
35741.507532
27530.744059
21852.396791
17303.654499
13808.796878
11146.986275
9196.766548
7636.334955
6737.374470
5923.615537
5559.004194
139260.785021
88333.183433
60864.046755
47202.885197
36691.010589
28922.961370
22736.223997
18311.917040
14647.191445
11864.115435
9691.782646
8063.252165
6779.300909
5928.490472
5276.464061
4991.994338
104534.290536
65186.547383
45447.984274
35860.846077
28606.791718
23153.861619
18512.303461
15092.188330
12249.646697
10071.952458
8353.017325
6956.092959
5896.952018
5209.090516
4673.166879
4438.181119
76716.547042
50124.663576
35629.678017
28219.774571
22591.191042
18794.758415
15393.878865
12721.544090
10432.560481
8694.033935
7241.905459
6041.958186
5140.542805
4600.100183
4125.169508
3932.751053
58168.655571
39044.519954
28437.660748
22437.433136
18336.399892
15438.240692
12699.279359
10668.772307
8905.548989
7436.898954
6217.232501
5300.866655
4551.632175
4059.984437
3676.967844
3493.927446
44196.771816
30635.227575
22731.459210
18277.666848
14980.015694
12758.349229
10704.693888
9059.643662
7582.191872
6406.990834
5428.373311
4755.710646
4148.226374
3616.514033
3261.682994
3135.698019
36860.275248
25119.534466
18580.333562
15123.917545
12455.796906
10606.991022
9096.955116
7764.095112
6555.944625
5598.643886
4774.121276
4245.272093
3667.689480
3205.101828
2922.099311
2805.533671
30831.569460
21441.896542
16014.114688
13129.589037
10819.008058
9344.707258
7979.581737
6897.142567
5883.765501
5048.856971
4312.039749
3756.343075
3266.548344
2962.212668
2694.877749
2600.888800
25681.167037
18572.318037
14096.194956
11717.178177
9673.802264
8352.639266
7150.661048
6210.652964
5334.506249
4565.965875
3942.297345
3423.257531
3033.156955
2731.873628
2503.631120
2414.402854
23428.073892
17315.556837
13207.420779
11049.696578
9174.050764
7909.874578
6808.005301
5919.399265
5091.516133
4372.947772
3784.000559
3301.203910
2905.244421
2648.383697
2439.124006
2363.384586
